[0.00163265 0.00081633 0.00081633 0.00081633 0.00163265 0.00163265
 0.00163265 0.00163265 0.00081633 0.00081633 0.00081633 0.00081633
 0.00081633 0.00163265 0.00081633 0.00244898 0.00081633 0.00081633
 0.00163265 0.00081633 0.00081633 0.00163265 0.00081633 0.00081633
 0.00081633 0.00163265 0.00489796 0.00081633 0.00163265 0.00163265
 0.00081633 0.00163265 0.00081633 0.00081633 0.00081633 0.00244898
 0.00163265 0.00081633 0.00163265 0.00081633 0.00163265 0.00163265
 0.00163265 0.00163265 0.00081633 0.00081633 0.00081633 0.00081633
 0.00081633 0.00081633 0.00163265 0.00163265 0.00163265 0.00163265
 0.00081633 0.00081633 0.00081633 0.00081633 0.00163265 0.00081633
 0.00244898 0.00081633 0.00163265 0.00081633 0.00081633 0.00163265
 0.00163265 0.00163265 0.00163265 0.00081633 0.00081633 0.00081633
 0.00163265 0.00081633 0.00081633 0.00163265 0.00081633 0.00081633
 0.00408163 0.00163265 0.00081633 0.00081633 0.00081633 0.00081633
 0.00081633 0.00163265 0.00081633 0.00163265 0.00326531 0.00081633
 0.00081633 0.00163265 0.00081633 0.00163265 0.00081633 0.00163265
 0.00081633 0.00081633 0.00081633 0.00081633 0.00163265 0.00163265
 0.00163265 0.00081633 0.00081633 0.00163265 0.00081633 0.00081633
 0.00163265 0.00081633 0.00163265 0.00081633 0.00408163 0.00163265
 0.00081633 0.00163265 0.00081633 0.00163265 0.00081633 0.00081633
 0.00081633 0.00081633 0.00081633 0.00081633 0.00081633 0.00163265
 0.00244898 0.00081633 0.00163265 0.00163265 0.00163265 0.00081633
 0.00163265 0.00081633 0.00081633 0.00163265 0.00163265 0.00244898
 0.00408163 0.00163265 0.00081633 0.00163265 0.00163265 0.00081633
 0.00163265 0.00081633 0.00163265 0.00081633 0.00081633 0.00163265
 0.00081633 0.00163265 0.00163265 0.00163265 0.00081633 0.00163265
 0.00163265 0.00081633 0.00163265 0.00081633 0.00081633 0.00081633
 0.00163265 0.00163265 0.00081633 0.00081633 0.00081633 0.00326531
 0.00163265 0.00163265 0.00163265 0.00163265 0.00163265 0.00081633
 0.00081633 0.00163265 0.00081633 0.00081633 0.00081633 0.00571429
 0.00163265 0.00163265 0.00163265 0.00163265 0.00163265 0.00244898
 0.00081633 0.00244898 0.00081633 0.00081633 0.00081633 0.00163265
 0.00081633 0.00081633 0.00163265 0.00163265 0.00081633 0.00081633
 0.00163265 0.00163265 0.00163265 0.00081633 0.00163265 0.00081633
 0.00163265 0.00244898 0.00244898 0.00163265 0.00081633 0.00163265
 0.00081633 0.00081633 0.00081633 0.00163265 0.00163265 0.00081633
 0.00081633 0.00163265 0.00081633 0.00163265 0.00163265 0.00163265
 0.00163265 0.00081633 0.00081633 0.00163265 0.00081633 0.00163265
 0.00163265 0.00163265 0.00163265 0.00081633 0.00081633 0.00163265
 0.00081633 0.00163265 0.00163265 0.00163265 0.00081633 0.00081633
 0.00081633 0.00163265 0.00081633 0.00081633 0.00163265 0.00163265
 0.00081633 0.00081633 0.00081633 0.00244898 0.00244898 0.00244898
 0.00081633 0.00163265 0.00081633 0.00163265 0.00163265 0.00081633
 0.00163265 0.00081633 0.00408163 0.00244898 0.00081633 0.00081633
 0.00081633 0.00244898 0.00081633 0.00163265 0.00163265 0.00081633
 0.00489796 0.00163265 0.00163265 0.00163265 0.00081633 0.00163265
 0.00081633 0.00081633 0.00163265 0.00163265 0.00163265 0.00163265
 0.00081633 0.00163265 0.00326531 0.00081633 0.00081633 0.00163265
 0.00081633 0.00081633 0.00163265 0.00081633 0.00081633 0.00081633
 0.00081633 0.00163265 0.00081633 0.00081633 0.00081633 0.00081633
 0.00163265 0.00163265 0.00163265 0.00081633 0.00081633 0.00163265
 0.00163265 0.00326531 0.00163265 0.00081633 0.00163265 0.00326531
 0.00081633 0.00163265 0.00081633 0.00081633 0.00081633 0.00163265
 0.00163265 0.00163265 0.00081633 0.00163265 0.00163265 0.00081633
 0.00163265 0.00081633 0.00163265 0.00081633 0.00081633 0.00081633
 0.00163265 0.00081633 0.00163265 0.00163265 0.00081633 0.00163265
 0.00081633 0.00244898 0.00163265 0.00081633 0.00163265 0.00244898
 0.00163265 0.00163265 0.00081633 0.00163265 0.00081633 0.00081633
 0.00081633 0.00489796 0.00081633 0.00163265 0.00244898 0.00081633
 0.00163265 0.00163265 0.00081633 0.00081633 0.00163265 0.00081633
 0.00244898 0.00081633 0.00326531 0.00244898 0.00081633 0.00081633
 0.00979592 0.00081633 0.00163265 0.00163265 0.00163265 0.00163265
 0.00163265 0.00081633 0.00081633 0.00163265 0.00163265 0.00163265
 0.00081633 0.00244898 0.00163265 0.00163265 0.00081633 0.00163265
 0.00081633 0.00163265 0.00081633 0.00081633 0.00163265 0.00081633
 0.00163265 0.00163265 0.00163265 0.00244898 0.00081633 0.00489796
 0.00163265 0.00081633 0.00163265 0.00081633 0.00081633 0.00244898
 0.00163265 0.00571429 0.00163265 0.00081633 0.00244898 0.00081633
 0.00163265 0.00081633 0.00081633 0.00163265 0.00081633 0.00081633
 0.00979592 0.00081633 0.00163265 0.00163265 0.00081633 0.00081633
 0.00163265 0.00081633 0.00081633 0.00163265 0.00081633 0.00081633
 0.00163265 0.00163265 0.00326531 0.00163265 0.00081633 0.00163265
 0.00163265 0.00081633 0.00163265 0.00163265 0.00081633 0.00244898
 0.00163265 0.00081633 0.00163265 0.00163265 0.00163265 0.00081633
 0.00163265 0.00163265 0.00081633 0.00163265 0.00081633 0.00081633
 0.00081633 0.00081633 0.00163265 0.00163265 0.00081633 0.00081633
 0.00244898 0.00163265 0.00081633 0.00081633 0.00326531 0.00081633
 0.00163265 0.00081633 0.00163265 0.00244898 0.00081633 0.00081633
 0.00163265 0.00081633 0.00081633 0.00653061 0.00081633 0.00163265
 0.00081633 0.00081633 0.00163265 0.00081633 0.00081633 0.00163265
 0.00408163 0.00081633 0.00244898 0.00163265 0.00163265 0.00163265
 0.00163265 0.00163265 0.00163265 0.00408163 0.00081633 0.00163265
 0.00244898 0.00081633 0.00081633 0.00163265 0.00081633 0.00081633
 0.00081633 0.00163265 0.00163265 0.00081633 0.00081633 0.00163265
 0.00081633 0.00163265 0.00081633 0.00163265 0.00163265 0.00163265
 0.00163265 0.00081633 0.00081633 0.00081633 0.00163265 0.00163265
 0.00163265 0.00163265 0.00081633 0.00163265 0.00081633 0.00163265
 0.00081633 0.00081633 0.00163265 0.00163265 0.00163265 0.00081633
 0.00163265 0.00081633 0.00163265 0.00163265 0.00081633 0.00408163
 0.00163265 0.00081633 0.00081633 0.00163265 0.00081633 0.00081633
 0.00081633 0.00163265 0.00163265 0.00081633 0.00081633 0.00081633
 0.00081633 0.00163265 0.00163265 0.00081633 0.00163265 0.00163265
 0.00244898 0.00163265 0.00081633 0.00163265 0.00163265 0.00163265
 0.00081633 0.00163265 0.00163265 0.00326531 0.00163265 0.00244898
 0.00163265 0.00163265 0.00081633 0.00081633 0.00081633 0.00163265
 0.00081633 0.00081633 0.00163265 0.00163265 0.00163265 0.00081633
 0.00081633 0.00081633 0.00163265 0.00081633 0.00163265 0.00163265
 0.00081633 0.00081633 0.00163265 0.00081633 0.00163265 0.00163265
 0.00163265 0.00163265 0.00081633 0.00408163 0.00163265 0.00163265
 0.00081633 0.00326531 0.00163265 0.00081633 0.00326531 0.00163265
 0.00081633 0.00163265 0.00081633 0.00081633 0.00081633 0.00163265
 0.00081633 0.00081633 0.00163265 0.00081633 0.00244898 0.00081633
 0.00163265 0.00081633 0.00081633 0.00081633 0.00081633 0.00163265
 0.00163265 0.00081633 0.00163265 0.00163265 0.00081633 0.00081633
 0.00163265 0.00163265 0.00244898 0.00081633 0.00163265 0.00163265
 0.00081633 0.00081633 0.00163265 0.00163265 0.00163265 0.00081633
 0.00163265 0.00163265 0.00081633 0.00163265 0.00081633 0.00163265
 0.00081633 0.00081633 0.00081633 0.00081633 0.00163265 0.00163265
 0.00081633 0.00163265 0.00163265 0.00163265 0.00081633 0.00163265
 0.00081633 0.00163265 0.00081633 0.00163265 0.00163265 0.00408163
 0.00081633 0.00081633 0.00081633 0.00081633 0.00163265 0.00081633
 0.00326531 0.00489796 0.00163265 0.00163265 0.00081633 0.00163265
 0.00979592 0.00163265 0.00163265 0.00163265 0.00081633 0.00081633
 0.00163265 0.00163265 0.00081633 0.00163265 0.00163265 0.00163265
 0.00081633 0.00163265 0.00244898 0.00163265 0.00244898 0.00081633
 0.00489796 0.00163265 0.00244898 0.00081633]