[0.00282885 0.00070721 0.00070721 0.00070721 0.00141443 0.00141443
 0.00141443 0.00141443 0.00070721 0.00070721 0.00070721 0.00070721
 0.00070721 0.00141443 0.00070721 0.00212164 0.00070721 0.00070721
 0.00141443 0.00070721 0.00070721 0.00141443 0.00070721 0.00070721
 0.00070721 0.00141443 0.00919378 0.00070721 0.00141443 0.00141443
 0.00070721 0.00141443 0.00070721 0.00070721 0.00070721 0.00282885
 0.00777935 0.00070721 0.00141443 0.00070721 0.00141443 0.00141443
 0.00141443 0.00141443 0.00070721 0.00070721 0.00070721 0.00070721
 0.00070721 0.00070721 0.00141443 0.00141443 0.00141443 0.00141443
 0.00070721 0.00070721 0.00070721 0.00070721 0.00141443 0.00070721
 0.00282885 0.00070721 0.00141443 0.00070721 0.00070721 0.00212164
 0.00141443 0.00141443 0.00141443 0.00070721 0.00070721 0.00070721
 0.00424328 0.00070721 0.00070721 0.00141443 0.00070721 0.00070721
 0.00424328 0.00141443 0.00070721 0.00070721 0.00070721 0.00070721
 0.00070721 0.00141443 0.00070721 0.00141443 0.00282885 0.00070721
 0.00070721 0.00141443 0.00070721 0.00141443 0.00070721 0.00141443
 0.00070721 0.00070721 0.00070721 0.00070721 0.00141443 0.00353607
 0.00141443 0.00070721 0.00070721 0.00141443 0.00070721 0.00070721
 0.00141443 0.00070721 0.00141443 0.00070721 0.00353607 0.00141443
 0.00070721 0.00212164 0.00070721 0.00141443 0.00070721 0.00070721
 0.00070721 0.00070721 0.00070721 0.00070721 0.00070721 0.00141443
 0.00212164 0.00070721 0.00353607 0.00141443 0.00141443 0.00070721
 0.00282885 0.00070721 0.00070721 0.00141443 0.00141443 0.00212164
 0.00353607 0.00141443 0.00070721 0.00141443 0.00141443 0.00070721
 0.00141443 0.00070721 0.00141443 0.00070721 0.00070721 0.00141443
 0.00070721 0.00141443 0.00141443 0.00141443 0.00070721 0.00212164
 0.00141443 0.00070721 0.00141443 0.00070721 0.00070721 0.00070721
 0.00141443 0.00141443 0.00070721 0.00070721 0.00070721 0.00282885
 0.00141443 0.00424328 0.00141443 0.00141443 0.00212164 0.00070721
 0.00070721 0.00141443 0.00070721 0.00070721 0.00070721 0.0049505
 0.00919378 0.00141443 0.00141443 0.00141443 0.00141443 0.00212164
 0.00070721 0.00212164 0.00070721 0.00070721 0.00070721 0.00141443
 0.00070721 0.00070721 0.00141443 0.00212164 0.00070721 0.00070721
 0.00141443 0.00141443 0.00141443 0.00070721 0.00141443 0.00070721
 0.00141443 0.00212164 0.00212164 0.00141443 0.00070721 0.00141443
 0.00070721 0.00070721 0.00070721 0.00282885 0.00141443 0.00070721
 0.00070721 0.00141443 0.00070721 0.00424328 0.00141443 0.00141443
 0.00141443 0.00070721 0.00070721 0.00141443 0.00070721 0.00141443
 0.00141443 0.00141443 0.00141443 0.00070721 0.00070721 0.00141443
 0.00070721 0.00141443 0.00141443 0.00141443 0.00070721 0.00070721
 0.00070721 0.00212164 0.00070721 0.00070721 0.00141443 0.00141443
 0.00070721 0.00070721 0.00070721 0.00212164 0.00212164 0.00212164
 0.00070721 0.00141443 0.00070721 0.00212164 0.00141443 0.00070721
 0.00141443 0.00070721 0.00424328 0.00212164 0.00070721 0.00070721
 0.00070721 0.00212164 0.00070721 0.00141443 0.00141443 0.00070721
 0.00424328 0.00141443 0.00212164 0.00141443 0.00070721 0.00141443
 0.00070721 0.00070721 0.00424328 0.00141443 0.00141443 0.00141443
 0.00070721 0.00141443 0.00282885 0.00070721 0.00070721 0.00141443
 0.00070721 0.00070721 0.00141443 0.00070721 0.00070721 0.00070721
 0.00070721 0.00212164 0.00070721 0.00070721 0.00070721 0.00070721
 0.00141443 0.00212164 0.00141443 0.00070721 0.00070721 0.00141443
 0.00141443 0.00282885 0.00141443 0.00070721 0.00141443 0.00282885
 0.00070721 0.00212164 0.00070721 0.00070721 0.00070721 0.00141443
 0.00141443 0.00141443 0.00070721 0.00141443 0.00141443 0.00070721
 0.00212164 0.00070721 0.00282885 0.00070721 0.00070721 0.00070721
 0.00141443 0.00070721 0.00141443 0.00141443 0.00070721 0.00141443
 0.00070721 0.00212164 0.00141443 0.00070721 0.00141443 0.00282885
 0.00141443 0.00212164 0.00070721 0.00141443 0.00070721 0.00070721
 0.00070721 0.00707214 0.00070721 0.00141443 0.00212164 0.00070721
 0.00141443 0.00282885 0.00070721 0.00070721 0.00141443 0.00070721
 0.00212164 0.00070721 0.00282885 0.00212164 0.00070721 0.00070721
 0.0155587  0.00070721 0.00141443 0.00141443 0.00212164 0.00141443
 0.00212164 0.00070721 0.00070721 0.00141443 0.00141443 0.00141443
 0.00070721 0.00212164 0.00141443 0.00141443 0.00070721 0.00141443
 0.00070721 0.00141443 0.00070721 0.00070721 0.00141443 0.00070721
 0.00141443 0.00141443 0.00212164 0.00212164 0.00070721 0.00636492
 0.0049505  0.00070721 0.00141443 0.00070721 0.00070721 0.00282885
 0.00141443 0.00777935 0.00353607 0.00070721 0.00424328 0.00070721
 0.00141443 0.00070721 0.00070721 0.00141443 0.00070721 0.00070721
 0.01838755 0.00070721 0.00141443 0.00141443 0.00070721 0.00070721
 0.00424328 0.00070721 0.00070721 0.00141443 0.00070721 0.00070721
 0.00141443 0.00141443 0.00282885 0.00141443 0.00070721 0.00141443
 0.00141443 0.00070721 0.00141443 0.00141443 0.00070721 0.00212164
 0.00141443 0.00070721 0.00141443 0.00141443 0.00141443 0.00070721
 0.00141443 0.00141443 0.00070721 0.00353607 0.00070721 0.00070721
 0.00070721 0.00070721 0.00141443 0.00141443 0.00070721 0.00070721
 0.00212164 0.00141443 0.00070721 0.00070721 0.00282885 0.00070721
 0.00141443 0.00070721 0.00141443 0.00212164 0.00070721 0.00070721
 0.00141443 0.00070721 0.00070721 0.00565771 0.00070721 0.00141443
 0.00070721 0.00070721 0.00141443 0.00070721 0.00070721 0.00141443
 0.00353607 0.00070721 0.00212164 0.00141443 0.00141443 0.00141443
 0.00141443 0.00141443 0.00141443 0.00636492 0.00070721 0.00141443
 0.00353607 0.00070721 0.00070721 0.00141443 0.00070721 0.00070721
 0.00070721 0.00141443 0.00141443 0.00070721 0.00070721 0.00141443
 0.00070721 0.00141443 0.00070721 0.00141443 0.00141443 0.00141443
 0.00141443 0.00070721 0.00070721 0.00070721 0.00141443 0.00141443
 0.00141443 0.00141443 0.00070721 0.00141443 0.00070721 0.00141443
 0.00070721 0.00070721 0.00141443 0.00141443 0.00141443 0.00070721
 0.00141443 0.00070721 0.00141443 0.00141443 0.00070721 0.00353607
 0.00141443 0.00070721 0.00070721 0.00212164 0.00070721 0.00070721
 0.00070721 0.00212164 0.00212164 0.00070721 0.00070721 0.00070721
 0.00070721 0.00141443 0.00141443 0.00070721 0.00141443 0.00141443
 0.00212164 0.00141443 0.00070721 0.00212164 0.00141443 0.00212164
 0.00070721 0.00141443 0.00141443 0.00282885 0.00141443 0.00212164
 0.00141443 0.00141443 0.00070721 0.00070721 0.00070721 0.00141443
 0.00070721 0.00070721 0.00141443 0.00141443 0.00141443 0.00070721
 0.00070721 0.00070721 0.00141443 0.00070721 0.00141443 0.00141443
 0.00070721 0.00070721 0.00141443 0.00070721 0.00141443 0.00141443
 0.00141443 0.00141443 0.00070721 0.00636492 0.00141443 0.00141443
 0.00070721 0.00353607 0.00141443 0.00070721 0.00282885 0.00141443
 0.00070721 0.00141443 0.00070721 0.00070721 0.00070721 0.00141443
 0.00070721 0.00070721 0.00141443 0.00070721 0.00212164 0.00070721
 0.00141443 0.00070721 0.00070721 0.00070721 0.00070721 0.00141443
 0.00212164 0.00070721 0.00212164 0.00212164 0.00070721 0.00070721
 0.00141443 0.00353607 0.00212164 0.00070721 0.00141443 0.00141443
 0.00070721 0.00070721 0.00282885 0.00141443 0.00141443 0.00070721
 0.00141443 0.00141443 0.00070721 0.00141443 0.00070721 0.00141443
 0.00070721 0.00070721 0.00070721 0.00070721 0.00141443 0.00141443
 0.00070721 0.00141443 0.00141443 0.00141443 0.00070721 0.00141443
 0.00070721 0.00141443 0.00070721 0.00141443 0.00141443 0.00424328
 0.00070721 0.00070721 0.00070721 0.00070721 0.00141443 0.00070721
 0.00424328 0.00565771 0.00141443 0.00141443 0.00070721 0.00141443
 0.02333805 0.00141443 0.00212164 0.00141443 0.00070721 0.00070721
 0.00141443 0.00141443 0.00070721 0.00212164 0.00141443 0.00141443
 0.00070721 0.00141443 0.00212164 0.00141443 0.00282885 0.00070721
 0.00565771 0.00141443 0.00212164 0.00070721]