[0.0007722  0.0023166  0.0007722  0.0007722  0.0007722  0.0007722
 0.0030888  0.0007722  0.0007722  0.0007722  0.0030888  0.0015444
 0.0007722  0.0007722  0.0015444  0.0007722  0.0007722  0.00540541
 0.0007722  0.0015444  0.0015444  0.0007722  0.0023166  0.0015444
 0.0015444  0.0007722  0.0023166  0.0015444  0.0007722  0.0007722
 0.0007722  0.0007722  0.0007722  0.0030888  0.0015444  0.0007722
 0.0007722  0.0030888  0.0007722  0.00694981 0.0007722  0.0007722
 0.0015444  0.0015444  0.0030888  0.0015444  0.0023166  0.0023166
 0.0007722  0.0023166  0.0007722  0.0007722  0.0007722  0.0007722
 0.003861   0.0015444  0.0007722  0.0007722  0.0007722  0.0007722
 0.0007722  0.0015444  0.0007722  0.0030888  0.0015444  0.0007722
 0.0007722  0.0007722  0.0007722  0.0015444  0.0015444  0.0015444
 0.0007722  0.0007722  0.0030888  0.0007722  0.0007722  0.0007722
 0.0007722  0.0007722  0.0030888  0.00540541 0.0023166  0.0030888
 0.0007722  0.0007722  0.0023166  0.0007722  0.0007722  0.0015444
 0.0015444  0.0007722  0.0015444  0.0007722  0.0015444  0.0030888
 0.0007722  0.0023166  0.0030888  0.0023166  0.0007722  0.0007722
 0.0007722  0.0007722  0.0030888  0.0007722  0.0023166  0.0023166
 0.0007722  0.0007722  0.0007722  0.00540541 0.0007722  0.0007722
 0.0007722  0.0007722  0.0007722  0.0007722  0.0007722  0.00540541
 0.0007722  0.0007722  0.0007722  0.0007722  0.0015444  0.0007722
 0.0007722  0.0007722  0.0007722  0.0007722  0.0007722  0.0007722
 0.0007722  0.0007722  0.0007722  0.0007722  0.0007722  0.0007722
 0.0007722  0.0007722  0.0015444  0.0007722  0.0007722  0.0015444
 0.0007722  0.00540541 0.0007722  0.0030888  0.0007722  0.0007722
 0.0015444  0.0007722  0.0007722  0.0007722  0.0007722  0.0007722
 0.0007722  0.0015444  0.0015444  0.00540541 0.0007722  0.0007722
 0.0007722  0.0007722  0.0030888  0.0015444  0.0007722  0.0007722
 0.0023166  0.0007722  0.0007722  0.0007722  0.0007722  0.0007722
 0.0015444  0.0007722  0.0023166  0.0030888  0.0023166  0.0030888
 0.0007722  0.0007722  0.0007722  0.0007722  0.0007722  0.003861
 0.0015444  0.0007722  0.0007722  0.0007722  0.0023166  0.0007722
 0.0007722  0.0015444  0.0007722  0.0007722  0.0015444  0.00540541
 0.00540541 0.0007722  0.0007722  0.0007722  0.0007722  0.0007722
 0.0015444  0.0007722  0.0007722  0.0007722  0.0015444  0.0007722
 0.0007722  0.0023166  0.0015444  0.0007722  0.0007722  0.0015444
 0.00540541 0.0007722  0.0023166  0.0007722  0.0007722  0.0007722
 0.0007722  0.0007722  0.0007722  0.0007722  0.0015444  0.0007722
 0.0007722  0.0007722  0.0007722  0.0023166  0.0023166  0.0007722
 0.0023166  0.0007722  0.0007722  0.0007722  0.0015444  0.0007722
 0.0007722  0.0007722  0.0007722  0.0015444  0.0007722  0.0007722
 0.0015444  0.0015444  0.0007722  0.0007722  0.0007722  0.0007722
 0.0015444  0.0007722  0.0023166  0.0007722  0.0015444  0.0030888
 0.0007722  0.0007722  0.0007722  0.0007722  0.0030888  0.0007722
 0.0015444  0.0007722  0.0007722  0.0007722  0.0007722  0.00540541
 0.0007722  0.0007722  0.0007722  0.0007722  0.0015444  0.0007722
 0.00540541 0.0007722  0.0007722  0.0007722  0.0007722  0.0007722
 0.0023166  0.0007722  0.0007722  0.0015444  0.0007722  0.0007722
 0.0007722  0.0007722  0.0007722  0.0007722  0.0015444  0.00540541
 0.0023166  0.0015444  0.0015444  0.0023166  0.00617761 0.0023166
 0.0007722  0.0007722  0.0007722  0.0007722  0.0007722  0.0007722
 0.0007722  0.0007722  0.0007722  0.0007722  0.0007722  0.0007722
 0.0007722  0.0007722  0.0030888  0.0007722  0.0015444  0.0007722
 0.0007722  0.0007722  0.0007722  0.0007722  0.0007722  0.0015444
 0.0007722  0.0023166  0.0007722  0.0007722  0.0030888  0.0030888
 0.0007722  0.00540541 0.0007722  0.0007722  0.0023166  0.0007722
 0.0007722  0.0007722  0.0007722  0.0007722  0.0007722  0.0007722
 0.0007722  0.0007722  0.0007722  0.0007722  0.0007722  0.00540541
 0.0007722  0.0015444  0.0007722  0.0007722  0.0007722  0.0030888
 0.0007722  0.0007722  0.00540541 0.003861   0.0007722  0.0007722
 0.0007722  0.00540541 0.0015444  0.0007722  0.0007722  0.003861
 0.01158301 0.0015444  0.0007722  0.0007722  0.0007722  0.0007722
 0.0007722  0.0007722  0.0007722  0.0007722  0.0007722  0.0007722
 0.0023166  0.0007722  0.0007722  0.0007722  0.0030888  0.0007722
 0.0007722  0.0007722  0.0030888  0.0023166  0.0007722  0.0030888
 0.0007722  0.0007722  0.0007722  0.0007722  0.0007722  0.0015444
 0.0007722  0.0015444  0.0007722  0.00540541 0.0023166  0.0007722
 0.0007722  0.0007722  0.0007722  0.0030888  0.0007722  0.0007722
 0.0007722  0.0023166  0.0030888  0.0007722  0.0015444  0.0007722
 0.00849421 0.0023166  0.0007722  0.0007722  0.0007722  0.0015444
 0.0007722  0.0007722  0.0007722  0.0007722  0.0015444  0.0015444
 0.0007722  0.0007722  0.0007722  0.0007722  0.0015444  0.0007722
 0.0007722  0.0007722  0.0007722  0.0015444  0.0007722  0.0007722
 0.0007722  0.0023166  0.0007722  0.0007722  0.0007722  0.0015444
 0.0007722  0.0007722  0.00926641 0.0007722  0.0015444  0.0007722
 0.0015444  0.0030888  0.0007722  0.0007722  0.0007722  0.0023166
 0.0007722  0.0007722  0.0007722  0.0015444  0.0030888  0.0023166
 0.0007722  0.00540541 0.0007722  0.0007722  0.0015444  0.0015444
 0.0007722  0.0023166  0.0007722  0.0007722  0.0030888  0.0007722
 0.0030888  0.0015444  0.0007722  0.0007722  0.0007722  0.0007722
 0.0007722  0.00694981 0.0015444  0.0007722  0.0007722  0.0007722
 0.0007722  0.0007722  0.0007722  0.0046332  0.0007722  0.0007722
 0.0007722  0.0023166  0.00540541 0.0007722  0.0015444  0.0030888
 0.0015444  0.0007722  0.0007722  0.0015444  0.0015444  0.0007722
 0.0030888  0.0007722  0.0023166  0.0007722  0.0007722  0.0007722
 0.0007722  0.0007722  0.0015444  0.0007722  0.0007722  0.0007722
 0.0007722  0.0007722  0.0015444  0.0007722  0.0030888  0.0007722
 0.0015444  0.0023166  0.0023166  0.0007722  0.0007722  0.0007722
 0.0007722  0.0015444  0.0007722  0.0007722  0.0015444  0.0007722
 0.0007722  0.0007722  0.0007722  0.0007722  0.0015444  0.0007722
 0.0007722  0.0007722  0.0007722  0.0007722  0.0046332  0.0015444
 0.0023166  0.0007722  0.0007722  0.0015444  0.0007722  0.0007722
 0.0007722  0.0007722  0.0007722  0.0007722  0.0007722  0.0007722
 0.0015444  0.0007722  0.0007722  0.0007722  0.0007722  0.0007722
 0.0007722  0.0007722  0.0007722  0.0030888  0.0023166  0.0007722
 0.0007722  0.0015444  0.0007722  0.0007722  0.0007722  0.003861
 0.0007722  0.0015444  0.0007722  0.0015444  0.0007722  0.0015444
 0.0030888  0.0030888  0.0007722  0.0015444  0.0007722  0.0007722
 0.0007722  0.0007722  0.0015444  0.0046332  0.0007722  0.0007722
 0.0007722  0.0007722  0.0007722  0.0015444  0.0046332  0.0007722
 0.0007722  0.0007722  0.0007722  0.00540541 0.0015444  0.0007722
 0.0007722  0.0007722  0.00540541 0.00617761 0.0007722  0.0007722
 0.0007722  0.0015444  0.0007722  0.0015444  0.0023166  0.0007722
 0.0007722  0.0007722  0.0007722  0.0007722  0.0030888  0.00540541
 0.0023166  0.0007722  0.0007722  0.0015444  0.0007722  0.0007722
 0.0007722  0.0015444  0.0007722  0.0007722  0.0007722  0.0015444
 0.0007722  0.0007722  0.00617761 0.0007722  0.0015444  0.0007722
 0.0023166  0.00540541 0.0007722  0.0007722  0.0007722  0.0007722
 0.0030888  0.0007722  0.0007722  0.0007722  0.0030888  0.0007722
 0.0007722  0.0007722  0.0007722  0.0007722  0.0007722  0.00694981
 0.0015444  0.0023166  0.0007722  0.0015444  0.0007722  0.0015444
 0.0007722  0.0015444  0.0007722  0.0030888  0.0023166  0.0007722
 0.003861   0.0007722  0.0007722  0.0007722  0.00540541 0.0015444
 0.0007722  0.0007722  0.0007722  0.0007722  0.0007722  0.0007722
 0.0007722  0.0007722  0.0007722  0.0007722  0.0007722  0.0046332
 0.0030888  0.0007722  0.0007722  0.0023166 ]