[0.00071276 0.00213828 0.00071276 0.00071276 0.00071276 0.00071276
 0.00285103 0.00071276 0.00071276 0.00071276 0.00285103 0.00142552
 0.00071276 0.00071276 0.00142552 0.00071276 0.00071276 0.00498931
 0.00071276 0.00142552 0.00142552 0.00071276 0.00213828 0.00142552
 0.00142552 0.00071276 0.00213828 0.00142552 0.00071276 0.00071276
 0.00071276 0.00071276 0.00071276 0.00285103 0.00142552 0.00071276
 0.00071276 0.00285103 0.00071276 0.00641483 0.00071276 0.00071276
 0.00142552 0.00213828 0.00285103 0.00142552 0.00213828 0.00498931
 0.00071276 0.00213828 0.00071276 0.00071276 0.00071276 0.00071276
 0.00498931 0.00142552 0.00071276 0.00071276 0.00071276 0.00071276
 0.00071276 0.00142552 0.00071276 0.00570207 0.00142552 0.00071276
 0.00071276 0.00071276 0.00071276 0.00142552 0.00142552 0.00142552
 0.00071276 0.00071276 0.00285103 0.00071276 0.00071276 0.00071276
 0.00071276 0.00071276 0.00356379 0.00926586 0.00213828 0.00285103
 0.00071276 0.00071276 0.00213828 0.00071276 0.00071276 0.00142552
 0.00142552 0.00071276 0.00213828 0.00071276 0.00142552 0.00285103
 0.00071276 0.00213828 0.00498931 0.00213828 0.00071276 0.00071276
 0.00071276 0.00071276 0.00285103 0.00071276 0.00213828 0.00213828
 0.00071276 0.00071276 0.00071276 0.00498931 0.00071276 0.00071276
 0.00071276 0.00071276 0.00071276 0.00071276 0.00071276 0.00926586
 0.00071276 0.00071276 0.00071276 0.00071276 0.00142552 0.00071276
 0.00071276 0.00071276 0.00071276 0.00071276 0.00071276 0.00071276
 0.00071276 0.00071276 0.00071276 0.00071276 0.00071276 0.00071276
 0.00071276 0.00071276 0.00142552 0.00071276 0.00071276 0.00142552
 0.00071276 0.00498931 0.00071276 0.00285103 0.00071276 0.00071276
 0.00213828 0.00071276 0.00071276 0.00071276 0.00071276 0.00071276
 0.00071276 0.00142552 0.00213828 0.00498931 0.00071276 0.00071276
 0.00071276 0.00071276 0.00285103 0.00142552 0.00071276 0.00071276
 0.00285103 0.00071276 0.00071276 0.00071276 0.00071276 0.00071276
 0.00142552 0.00071276 0.00213828 0.00285103 0.00213828 0.00356379
 0.00071276 0.00071276 0.00071276 0.00071276 0.00071276 0.00498931
 0.00142552 0.00071276 0.00071276 0.00071276 0.00213828 0.00071276
 0.00071276 0.00142552 0.00071276 0.00071276 0.00142552 0.00498931
 0.00498931 0.00071276 0.00071276 0.00071276 0.00071276 0.00071276
 0.00142552 0.00071276 0.00071276 0.00071276 0.00142552 0.00071276
 0.00071276 0.00356379 0.00142552 0.00071276 0.00071276 0.00142552
 0.00498931 0.00071276 0.00213828 0.00071276 0.00071276 0.00071276
 0.00071276 0.00071276 0.00071276 0.00071276 0.00142552 0.00071276
 0.00071276 0.00071276 0.00071276 0.00213828 0.00213828 0.00071276
 0.00213828 0.00071276 0.00071276 0.00071276 0.00142552 0.00071276
 0.00071276 0.00071276 0.00071276 0.00142552 0.00071276 0.00071276
 0.00142552 0.00213828 0.00071276 0.00071276 0.00071276 0.00071276
 0.00142552 0.00071276 0.00213828 0.00071276 0.00213828 0.00285103
 0.00071276 0.00071276 0.00071276 0.00071276 0.00285103 0.00071276
 0.00142552 0.00071276 0.00071276 0.00071276 0.00071276 0.00498931
 0.00071276 0.00071276 0.00071276 0.00071276 0.00142552 0.00071276
 0.00498931 0.00071276 0.00071276 0.00071276 0.00071276 0.00071276
 0.00213828 0.00071276 0.00071276 0.00142552 0.00071276 0.00071276
 0.00071276 0.00071276 0.00071276 0.00071276 0.00142552 0.00498931
 0.00213828 0.00142552 0.00142552 0.00213828 0.00570207 0.00213828
 0.00071276 0.00071276 0.00071276 0.00071276 0.00071276 0.00071276
 0.00071276 0.00071276 0.00071276 0.00071276 0.00071276 0.00071276
 0.00071276 0.00071276 0.00285103 0.00071276 0.00142552 0.00071276
 0.00071276 0.00071276 0.00071276 0.00071276 0.00071276 0.00285103
 0.00071276 0.00213828 0.00071276 0.00071276 0.00285103 0.00285103
 0.00071276 0.00498931 0.00071276 0.00071276 0.00213828 0.00071276
 0.00071276 0.00071276 0.00071276 0.00071276 0.00071276 0.00071276
 0.00071276 0.00071276 0.00071276 0.00071276 0.00071276 0.00498931
 0.00071276 0.00142552 0.00071276 0.00071276 0.00071276 0.00285103
 0.00071276 0.00071276 0.00498931 0.00356379 0.00071276 0.00071276
 0.00071276 0.00498931 0.00142552 0.00071276 0.00071276 0.00498931
 0.01354241 0.00142552 0.00071276 0.00071276 0.00071276 0.00071276
 0.00071276 0.00071276 0.00071276 0.00071276 0.00071276 0.00071276
 0.00213828 0.00071276 0.00071276 0.00071276 0.00285103 0.00071276
 0.00071276 0.00071276 0.00285103 0.00213828 0.00071276 0.00285103
 0.00071276 0.00071276 0.00071276 0.00071276 0.00071276 0.00142552
 0.00071276 0.00142552 0.00071276 0.00498931 0.00213828 0.00071276
 0.00071276 0.00071276 0.00071276 0.00285103 0.00071276 0.00071276
 0.00071276 0.00213828 0.00285103 0.00071276 0.00142552 0.00071276
 0.00784034 0.00213828 0.00071276 0.00071276 0.00071276 0.00356379
 0.00071276 0.00071276 0.00071276 0.00071276 0.00213828 0.00142552
 0.00071276 0.00071276 0.00071276 0.00071276 0.00142552 0.00071276
 0.00071276 0.00071276 0.00071276 0.00142552 0.00071276 0.00071276
 0.00071276 0.00213828 0.00071276 0.00071276 0.00071276 0.00142552
 0.00071276 0.00071276 0.01853172 0.00071276 0.00142552 0.00071276
 0.00142552 0.00285103 0.00071276 0.00071276 0.00071276 0.00213828
 0.00071276 0.00071276 0.00071276 0.00142552 0.00285103 0.00213828
 0.00071276 0.00498931 0.00071276 0.00071276 0.00285103 0.00142552
 0.00071276 0.00213828 0.00071276 0.00071276 0.00285103 0.00071276
 0.00712758 0.00142552 0.00071276 0.00071276 0.00071276 0.00071276
 0.00071276 0.00712758 0.00142552 0.00071276 0.00071276 0.00071276
 0.00071276 0.00071276 0.00071276 0.0085531  0.00071276 0.00071276
 0.00071276 0.00213828 0.00498931 0.00071276 0.00142552 0.00285103
 0.00142552 0.00071276 0.00071276 0.00142552 0.00142552 0.00071276
 0.00285103 0.00071276 0.00213828 0.00071276 0.00071276 0.00071276
 0.00071276 0.00071276 0.00142552 0.00071276 0.00071276 0.00071276
 0.00071276 0.00071276 0.00142552 0.00071276 0.00285103 0.00071276
 0.00142552 0.00213828 0.00213828 0.00071276 0.00071276 0.00071276
 0.00071276 0.00142552 0.00071276 0.00071276 0.00142552 0.00071276
 0.00071276 0.00071276 0.00071276 0.00071276 0.00142552 0.00071276
 0.00071276 0.00071276 0.00071276 0.00071276 0.00427655 0.00285103
 0.00213828 0.00071276 0.00071276 0.00142552 0.00071276 0.00071276
 0.00071276 0.00071276 0.00071276 0.00071276 0.00071276 0.00071276
 0.00142552 0.00071276 0.00071276 0.00071276 0.00071276 0.00071276
 0.00071276 0.00071276 0.00071276 0.00498931 0.00213828 0.00071276
 0.00071276 0.00142552 0.00071276 0.00071276 0.00071276 0.00784034
 0.00071276 0.00142552 0.00071276 0.00142552 0.00071276 0.00142552
 0.00285103 0.00285103 0.00071276 0.00142552 0.00071276 0.00071276
 0.00071276 0.00071276 0.00142552 0.00570207 0.00071276 0.00071276
 0.00071276 0.00071276 0.00071276 0.00142552 0.00427655 0.00071276
 0.00071276 0.00071276 0.00071276 0.00498931 0.00142552 0.00071276
 0.00071276 0.00071276 0.00498931 0.00570207 0.00071276 0.00071276
 0.00071276 0.00142552 0.00071276 0.00142552 0.00213828 0.00071276
 0.00071276 0.00071276 0.00071276 0.00071276 0.00285103 0.00498931
 0.00213828 0.00071276 0.00071276 0.00142552 0.00071276 0.00071276
 0.00071276 0.00142552 0.00071276 0.00071276 0.00071276 0.00142552
 0.00071276 0.00071276 0.00570207 0.00071276 0.00142552 0.00071276
 0.00213828 0.00498931 0.00071276 0.00071276 0.00071276 0.00071276
 0.00498931 0.00071276 0.00071276 0.00071276 0.00285103 0.00071276
 0.00071276 0.00071276 0.00071276 0.00071276 0.00071276 0.00641483
 0.00142552 0.00213828 0.00071276 0.00142552 0.00071276 0.00142552
 0.00071276 0.00213828 0.00071276 0.00285103 0.00498931 0.00071276
 0.00356379 0.00071276 0.00071276 0.00071276 0.00498931 0.00142552
 0.00071276 0.00071276 0.00071276 0.00071276 0.00071276 0.00071276
 0.00071276 0.00071276 0.00071276 0.00071276 0.00071276 0.00427655
 0.00285103 0.00071276 0.00071276 0.00784034]